m0 dim:3 =
 | 0.86603  0.50000  0.00000  |
 |-0.50000  0.86603  0.00000  |
 | 0.00000  0.00000  1.00000  |

m0^5 dim:3 =
 |-0.86603  0.50000  0.00000  |
 |-0.50000 -0.86603  0.00000  |
 | 0.00000  0.00000  1.00000  |

m0^9 dim:3 =
 | 0.00000 -1.00000  0.00000  |
 | 1.00000  0.00000  0.00000  |
 | 0.00000  0.00000  1.00000  |

m0^2 dim:3 =
 | 0.50000  0.86603  0.00000  |
 |-0.86603  0.50000  0.00000  |
 | 0.00000  0.00000  1.00000  |

